100
170927201133603    huruzope  0.00  2
612044154022110    ebu  0.00  3
965360535269416    ojitute  0.00  2
140715171908221    d  0.00  5
664172942168429    kiwo  0.00  5
039565937436987    axupu  0.00  2
221415417481706    bosaku  0.00  5
463007720124042    jibecid  0.00  2
728937797426463    oliti  0.00  4
677540654836259    ro  0.00  4
626908488189922    netojug  0.00  3
263066440256911    ulanaz  0.00  5
076688110045949    datowegusi  0.00  3
719112283283930    cowafuvo  0.00  2
981642213606446    finuxeboja  0.00  5
381680425424046    aku  0.00  2
383662866976246    epe  0.00  3
737083048929536    ofi  0.00  4
007635560003253    xasutiw  0.00  1
516295257016707    rivubic  0.00  4
296249506290895    zicupetuv  0.00  4
211961495362384    abuku  0.00  3
391355757898867    ex  0.00  1
553710809377701    akoxabej  0.00  3
543554511624461    r  0.00  4
957715466962582    jagidu  0.00  5
434282612210178    isuga  0.00  4
401457708199912    ifesuve  0.00  4
584369678426125    ato  0.00  3
692068178219174    favileg  0.00  5
132025567813626    s  0.00  2
715873846965226    bexofimiba  0.00  4
913414131332046    jiquy  0.00  5
540890109911788    yib  0.00  1
835120307933540    u  0.00  1
116040511306356    gamalag  0.00  2
286523519530855    li  0.00  3
556143098450284    vibobuho  0.00  1
412083370460117    hugu  0.00  4
012644787374533    oziwevek  0.00  3
070242119784954    ra  0.00  2
241618569990762    efez  0.00  2
892043922709795    ejifozele  0.00  2
705837734764036    fapequh  0.00  2
697568828990294    elu  0.00  3
699157181148957    wefa  0.00  2
602312057690371    oq  0.00  3
319485184353735    no  0.00  5
032554292789319    cuha  0.00  5
830084258740196    ameyuqolub  0.00  5
997065089330335    egoni  0.00  3
543027019762005    apuki  0.00  1
016633246106755    oxo  0.00  4
278838342336278    tiqadu  0.00  5
496055035536214    kut  0.00  2
615049998817037    ozoz  0.00  5
886455746091041    inucipo  0.00  3
910189695060429    edebiri  0.00  3
730704133032052    kikevowad  0.00  2
167260548778707    pagetixuzo  0.00  2
463153473537397    ojiseba  0.00  1
709581237469931    ayiqanevi  0.00  3
646027464120333    v  0.00  3
198686668550467    pinixaqeb  0.00  4
571814902854978    uvucinoj  0.00  3
310746878753393    ibab  0.00  2
972049234303433    xe  0.00  4
187200768063021    zegacif  0.00  2
360274147803189    ugepeso  0.00  4
215726082355599    inehumazif  0.00  5
182089863542827    mogajuvapi  0.00  2
542026284873541    dulovigap  0.00  2
421014479562774    e  0.00  3
117472050030193    ufagux  0.00  3
552797078617905    uda  0.00  3
788673677426035    m  0.00  3
875076371010850    bi  0.00  1
223198394731409    lenosiz  0.00  4
927494134332437    ewiqoca  0.00  1
539821547582966    enu  0.00  3
460795883985913    odabocadiq  0.00  5
339080099292544    mahuxici  0.00  3
936025913908609    dogure  0.00  3
055251966257245    irizejesa  0.00  4
458846045247874    a  0.00  5
488646100266378    mamiquzac  0.00  1
656355511764156    ako  0.00  4
178419073918362    isu  0.00  4
976967359477185    xe  0.00  5
150545386517655    ubavezu  0.00  4
589944428147495    fa  0.00  3
318450831617327    qobudupehi  0.00  4
913920551680763    erafakadu  0.00  2
006819040325198    n  0.00  2
773445767302039    senosi  0.00  3
546758297674606    yez  0.00  1
379479628082808    vibefokeba  0.00  4
894869899726242    lafopigek  0.00  3
238880649459592    mihavaruyu  0.00  3
346726182031941    isaj  0.00  3
